# time x_sun y_sun x_mercury y_mercury x_venus y_venus x_earth y_earth x_mars y_mars x_jupiter y_jupiter x_neptune y_neptune x_uranus y_uranus x_neptune y_neptune energy_error
0.01001 9.67551e-08 1.07371e-09 0.286707 0.121823 0.714105 0.0743551 0.980954 0.0639287 1.38123 0.0559139 4.95318 0.0289299 29.7984 0.0115735 18.289 0.0150485 29.7984 0.0115735 -1.32954e-09
0.02001 3.85812e-07 8.37689e-09 0.22923 0.228063 0.702662 0.147843 0.974833 0.127528 1.37813 0.111688 4.95293 0.0578299 29.7984 0.0231354 18.289 0.0300819 29.7984 0.0231354 -1.163e-09
0.03001 8.65072e-07 2.73042e-08 0.145113 0.308234 0.683732 0.219757 0.964663 0.190598 1.37298 0.167296 4.95253 0.0867281 29.7984 0.0346972 18.289 0.0451153 29.7984 0.0346972 -9.70767e-10
0.04001 1.53189e-06 6.21512e-08 0.0463577 0.35804 0.657523 0.28933 0.95049 0.252876 1.36577 0.222654 4.95197 0.115623 29.7983 0.0462591 18.2889 0.0601486 29.7983 0.0462591 -8.01901e-10
0.05001 2.38361e-06 1.16334e-07 -0.0565179 0.378018 0.624317 0.355825 0.932374 0.314106 1.35654 0.277681 4.95124 0.144515 29.7983 0.057821 18.2889 0.075182 29.7983 0.057821 -6.70723e-10
0.06001 3.41777e-06 1.92731e-07 -0.155604 0.371348 0.584476 0.418538 0.910395 0.374034 1.34528 0.332294 4.95036 0.173402 29.7983 0.0693829 18.2888 0.0902152 29.7983 0.0693829 -5.72819e-10
0.07001 4.63208e-06 2.93929e-07 -0.245433 0.342223 0.53843 0.476807 0.884648 0.432414 1.33203 0.386415 4.94931 0.202283 29.7983 0.0809447 18.2887 0.105248 29.7983 0.0809447 -4.98819e-10
0.08001 6.02435e-06 4.22344e-07 -0.322395 0.29499 0.486675 0.530021 0.855244 0.489007 1.31681 0.439964 4.94811 0.231158 29.7982 0.0925066 18.2886 0.120282 29.7982 0.0925066 -4.40303e-10
0.09001 7.59241e-06 5.80266e-07 -0.384175 0.233773 0.429768 0.577624 0.82231 0.543581 1.29964 0.492864 4.94674 0.260025 29.7982 0.104068 18.2885 0.135315 29.7982 0.104068 -3.91096e-10
0.10001 9.33402e-06 7.69858e-07 -0.429327 0.162385 0.368319 0.619121 0.785989 0.595916 1.28057 0.54504 4.94521 0.288884 29.7982 0.11563 18.2884 0.150348 29.7982 0.11563 -3.47074e-10
0.11001 1.12469e-05 9.93133e-07 -0.456987 0.0843511 0.302984 0.654087 0.746435 0.6458 1.25962 0.596417 4.94352 0.317733 29.7981 0.127192 18.2883 0.165381 29.7981 0.127192 -3.05598e-10
0.12001 1.33287e-05 1.25193e-06 -0.466694 0.00299029 0.234458 0.682166 0.703818 0.693034 1.23684 0.646925 4.94167 0.346572 29.7981 0.138754 18.2882 0.180413 29.7981 0.138754 -2.65104e-10
0.13001 1.5577e-05 1.54788e-06 -0.458301 -0.0784869 0.163469 0.703075 0.658318 0.73743 1.21226 0.696494 4.93966 0.3754 29.798 0.150316 18.288 0.195446 29.798 0.150316 -2.24817e-10
0.14001 1.79893e-05 1.88239e-06 -0.431935 -0.156874 0.0907649 0.71661 0.610129 0.778812 1.18593 0.745057 4.93749 0.404216 29.7979 0.161877 18.2879 0.210479 29.7979 0.161877 -1.8468e-10
0.15001 2.05631e-05 2.25663e-06 -0.388031 -0.228863 0.0171114 0.722646 0.559454 0.817021 1.15789 0.79255 4.93516 0.433018 29.7979 0.173439 18.2877 0.225511 29.7979 0.173439 -1.45465e-10
0.16001 2.3296e-05 2.67148e-06 -0.327419 -0.290946 -0.0567207 0.721134 0.506505 0.851909 1.1282 0.83891 4.93267 0.461807 29.7978 0.185001 18.2875 0.240543 29.7978 0.185001 -1.09159e-10
0.17001 2.61854e-05 3.12754e-06 -0.251495 -0.339335 -0.129962 0.712108 0.451502 0.883343 1.09691 0.884078 4.93002 0.49058 29.7977 0.196562 18.2873 0.255575 29.7977 0.196562 -7.97336e-11
0.18001 2.92291e-05 3.62513e-06 -0.162497 -0.369926 -0.201851 0.695676 0.394675 0.911207 1.06407 0.927999 4.92721 0.519338 29.7977 0.208124 18.2871 0.270607 29.7977 0.208124 -6.44161e-11
0.19001 3.24251e-05 4.16428e-06 -0.0639224 -0.378382 -0.271645 0.672025 0.336257 0.935398 1.02974 0.970618 4.92424 0.548078 29.7976 0.219686 18.2869 0.285639 29.7976 0.219686 -7.55561e-11
0.20001 3.57717e-05 4.74481e-06 0.038916 -0.360474 -0.338626 0.641414 0.276488 0.95583 0.993973 1.01188 4.92111 0.576801 29.7975 0.231247 18.2867 0.300671 29.7975 0.231247 -1.32206e-10
0.21001 3.92675e-05 5.3665e-06 0.138302 -0.312906 -0.402105 0.604172 0.215611 0.972432 0.956832 1.05175 4.91782 0.605505 29.7974 0.242809 18.2864 0.315702 29.7974 0.242809 -2.57929e-10
0.22001 4.29118e-05 6.0293e-06 0.223893 -0.234876 -0.461436 0.560697 0.153873 0.985151 0.918377 1.09017 4.91437 0.63419 29.7973 0.25437 18.2862 0.330733 29.7973 0.25437 -4.67111e-10
0.23001 4.67042e-05 6.73375e-06 0.283712 -0.130257 -0.516013 0.511446 0.0915235 0.993948 0.878671 1.12711 4.91076 0.662854 29.7972 0.265932 18.2859 0.345764 29.7972 0.265932 -7.34789e-10
0.24001 5.06443e-05 7.48123e-06 0.307216 -0.0091998 -0.565283 0.456934 0.0288105 0.9988 0.837776 1.16252 4.90699 0.691496 29.7971 0.277493 18.2856 0.360795 29.7971 0.277493 -9.75868e-10
0.25001 5.47307e-05 8.27381e-06 0.289685 0.113071 -0.608747 0.397731 -0.0340163 0.999701 0.795758 1.19638 4.90307 0.720116 29.797 0.289055 18.2853 0.375825 29.797 0.289055 -1.0901e-09
0.26001 5.89608e-05 9.11344e-06 0.234674 0.220917 -0.645966 0.334447 -0.0967087 0.99666 0.752681 1.22864 4.89898 0.748713 29.7969 0.300616 18.285 0.390856 29.7969 0.300616 -1.04829e-09
0.27001 6.33312e-05 1.00012e-05 0.152139 0.303266 -0.676565 0.267737 -0.159021 0.989701 0.708611 1.25928 4.89473 0.777285 29.7968 0.312177 18.2847 0.405886 29.7968 0.312177 -9.02994e-10
0.28001 6.78382e-05 1.09369e-05 0.0540905 0.355378 -0.700238 0.198286 -0.220709 0.978865 0.663614 1.28827 4.89033 0.805832 29.7966 0.323738 18.2844 0.420916 29.7966 0.323738 -7.24119e-10
0.29001 7.24785e-05 1.19196e-05 -0.0487799 0.377505 -0.716745 0.126806 -0.281536 0.964204 0.617756 1.31559 4.88577 0.834353 29.7965 0.3353 18.2841 0.435945 29.7965 0.3353 -5.55083e-10
0.30001 7.72495e-05 1.29476e-05 -0.148364 0.372694 -0.725923 0.0540295 -0.341265 0.94579 0.571104 1.34122 4.88104 0.862847 29.7964 0.346861 18.2837 0.450974 29.7964 0.346861 -4.11818e-10
0.31001 8.21492e-05 1.4019e-05 -0.239028 0.345103 -0.727679 -0.019299 -0.39967 0.923703 0.523724 1.36514 4.87616 0.891313 29.7962 0.358422 18.2833 0.466003 29.7962 0.358422 -2.95351e-10
0.32001 8.71761e-05 1.51318e-05 -0.317045 0.299081 -0.721994 -0.0924301 -0.456527 0.89804 0.475683 1.38734 4.87113 0.91975 29.7961 0.369983 18.283 0.481032 29.7961 0.369983 -2.01307e-10
0.33001 9.23291e-05 1.62842e-05 -0.380019 0.238778 -0.708926 -0.164616 -0.511621 0.868912 0.427047 1.40779 4.86593 0.948157 29.796 0.381544 18.2826 0.49606 29.796 0.381544 -1.24313e-10
0.34001 9.76073e-05 1.74742e-05 -0.426451 0.168028 -0.688606 -0.235118 -0.564746 0.836439 0.377882 1.42651 4.86058 0.976534 29.7958 0.393105 18.2822 0.511088 29.7958 0.393105 -5.95758e-11
0.35001 0.00010301 1.86998e-05 -0.455439 0.0903759 -0.661238 -0.303213 -0.615703 0.800755 0.328253 1.44347 4.85507 1.00488 29.7957 0.404666 18.2818 0.526116 29.7957 0.404666 -3.1941e-12
0.36001 0.000108538 1.99593e-05 -0.466498 0.00915323 -0.627095 -0.368202 -0.664301 0.762005 0.278224 1.45868 4.8494 1.03319 29.7955 0.416227 18.2814 0.541143 29.7955 0.416227 4.78694e-11
0.37001 0.000114191 2.12508e-05 -0.459458 -0.0724252 -0.586521 -0.429415 -0.710362 0.720345 0.227861 1.47212 4.84357 1.06147 29.7953 0.427787 18.2809 0.55617 29.7953 0.427787 9.59432e-11
0.38001 0.000119968 2.25728e-05 -0.434425 -0.151156 -0.539926 -0.48622 -0.753716 0.67594 0.177225 1.48381 4.83759 1.08971 29.7952 0.439348 18.2805 0.571197 29.7952 0.439348 1.42667e-10
0.39001 0.000125871 2.39235e-05 -0.39181 -0.223742 -0.48778 -0.538028 -0.794203 0.628964 0.12638 1.49375 4.83145 1.11792 29.795 0.450909 18.28 0.586223 29.795 0.450909 1.8882e-10
0.40001 0.0001319 2.53013e-05 -0.332408 -0.286695 -0.430611 -0.584296 -0.831675 0.579602 0.0753871 1.50193 4.82516 1.1461 29.7948 0.462469 18.2796 0.601249 29.7948 0.462469 2.33862e-10
0.41001 0.000138057 2.67047e-05 -0.257564 -0.33625 -0.369001 -0.624538 -0.865997 0.528045 0.0243068 1.50837 4.81871 1.17423 29.7946 0.47403 18.2791 0.616274 29.7946 0.47403 2.74888e-10
0.42001 0.000144342 2.81323e-05 -0.16944 -0.368323 -0.303577 -0.658329 -0.897044 0.474491 -0.0268011 1.51307 4.8121 1.20233 29.7945 0.48559 18.2786 0.631299 29.7945 0.48559 3.04618e-10
0.43001 0.000150757 2.95827e-05 -0.0714238 -0.37859 -0.235011 -0.685307 -0.924704 0.419146 -0.0778783 1.51605 4.80534 1.23039 29.7943 0.49715 18.2781 0.646324 29.7943 0.49715 3.08097e-10
0.44001 0.000157304 3.10547e-05 0.0313321 -0.362793 -0.164006 -0.705178 -0.948878 0.36222 -0.128867 1.51732 4.79842 1.25841 29.7941 0.508711 18.2776 0.661348 29.7941 0.508711 2.58408e-10
0.45001 0.000163986 3.25473e-05 0.131308 -0.317521 -0.0912955 -0.71772 -0.969478 0.303932 -0.179712 1.5169 4.79135 1.28639 29.7939 0.520271 18.2771 0.676372 29.7939 0.520271 1.15037e-10
0.46001 0.000170806 3.40603e-05 0.218344 -0.241715 -0.0176327 -0.722789 -0.98643 0.244499 -0.230358 1.51479 4.78412 1.31432 29.7937 0.531831 18.2765 0.691396 29.7937 0.531831 -1.63685e-10
0.47001 0.000177767 3.55942e-05 0.28051 -0.13882 0.0562156 -0.720315 -0.999674 0.184149 -0.28075 1.51103 4.77673 1.34222 29.7935 0.543391 18.276 0.706419 29.7935 0.543391 -5.78981e-10
0.48001 0.000184872 3.71509e-05 0.307005 -0.0185112 0.129478 -0.710309 -1.00916 0.123106 -0.330837 1.50561 4.7692 1.37007 29.7932 0.554951 18.2754 0.721441 29.7932 0.554951 -1.04005e-09
0.49001 0.000192124 3.87331e-05 0.292538 0.10424 0.201385 -0.692858 -1.01486 0.0616018 -0.380567 1.49858 4.7615 1.39788 29.793 0.566511 18.2748 0.736463 29.793 0.566511 -1.38912e-09
0.50001 0.000199524 4.03441e-05 0.240055 0.213632 0.271179 -0.668131 -1.01675 -0.00013355 -0.42989 1.48995 4.75366 1.42564 29.7928 0.578071 18.2742 0.751485 29.7928 0.578071 -1.52579e-09
0.51001 0.000207072 4.19865e-05 0.159174 0.298138 0.338122 -0.636373 -1.01483 -0.0618683 -0.478759 1.47974 4.74566 1.45335 29.7926 0.58963 18.2737 0.766506 29.7926 0.58963 -1.47449e-09
0.52001 0.000214766 4.36621e-05 0.0618946 0.352562 0.401502 -0.597905 -1.00909 -0.123371 -0.527124 1.46797 4.73751 1.48102 29.7924 0.60119 18.273 0.781526 29.7924 0.60119 -1.32189e-09
0.53001 0.000222608 4.5372e-05 -0.0409257 0.37686 0.460644 -0.553122 -0.999567 -0.18441 -0.574941 1.45468 4.7292 1.50864 29.7921 0.612749 18.2724 0.796546 29.7921 0.612749 -1.14066e-09
0.54001 0.000230596 4.71171e-05 -0.140977 0.373936 0.514914 -0.502487 -0.986288 -0.244756 -0.622164 1.43989 4.72075 1.53622 29.7919 0.624309 18.2718 0.811566 29.7919 0.624309 -9.68425e-10
0.55001 0.000238732 4.88981e-05 -0.232458 0.347904 0.56373 -0.446526 -0.9693 -0.304182 -0.668751 1.42363 4.71214 1.56374 29.7916 0.635868 18.2711 0.826585 29.7916 0.635868 -8.17758e-10
0.56001 0.000247015 5.07157e-05 -0.311519 0.30312 0.606566 -0.385826 -0.948666 -0.362463 -0.714659 1.40592 4.70337 1.59121 29.7914 0.647427 18.2705 0.841604 29.7914 0.647427 -6.88985e-10
0.57001 0.000255446 5.25712e-05 -0.375682 0.243753 0.642961 -0.321026 -0.924459 -0.41938 -0.759848 1.3868 4.69446 1.61863 29.7911 0.658987 18.2698 0.856622 29.7911 0.658987 -5.77891e-10
0.58001 0.000264026 5.44657e-05 -0.423391 0.173661 0.672519 -0.252811 -0.896765 -0.474715 -0.804278 1.36629 4.68539 1.646 29.7909 0.670546 18.2691 0.871639 29.7909 0.670546 -4.79268e-10
0.59001 0.000272756 5.64005e-05 -0.453708 0.09641 0.694921 -0.181904 -0.865685 -0.528258 -0.847911 1.34443 4.67618 1.67331 29.7906 0.682105 18.2685 0.886656 29.7906 0.682105 -3.88188e-10
0.60001 0.000281635 5.83772e-05 -0.46612 0.0153431 0.709924 -0.109059 -0.831331 -0.579804 -0.89071 1.32125 4.66681 1.70058 29.7904 0.693664 18.2677 0.901672 29.7904 0.693664 -3.00371e-10
0.61001 0.000290665 6.03974e-05 -0.460435 -0.0663193 0.717365 -0.0350515 -0.793827 -0.629152 -0.93264 1.29678 4.65729 1.72778 29.7901 0.705222 18.267 0.916688 29.7901 0.705222 -2.12251e-10
0.62001 0.000299845 6.24626e-05 -0.436741 -0.145376 0.717162 0.0393307 -0.75331 -0.676114 -0.973667 1.27105 4.64763 1.75493 29.7898 0.716781 18.2663 0.931703 29.7898 0.716781 -1.20956e-10
0.63001 0.000309177 6.45745e-05 -0.395421 -0.218542 0.709319 0.113294 -0.709927 -0.720504 -1.01376 1.2441 4.63781 1.78203 29.7895 0.728339 18.2656 0.946717 29.7895 0.728339 -2.4549e-11
0.64001 0.000318659 6.67349e-05 -0.337237 -0.282345 0.69392 0.186052 -0.663837 -0.762148 -1.05288 1.21597 4.62784 1.80907 29.7893 0.739898 18.2648 0.961731 29.7893 0.739898 7.74479e-11
0.65001 0.000328292 6.89452e-05 -0.263486 -0.333042 0.671134 0.256828 -0.615211 -0.80088 -1.091 1.18668 4.61773 1.83605 29.789 0.751456 18.2641 0.976745 29.789 0.751456 1.82745e-10
0.66001 0.000338075 7.12069e-05 -0.176258 -0.366576 0.641208 0.324872 -0.564228 -0.836546 -1.1281 1.15627 4.60746 1.86297 29.7887 0.763014 18.2633 0.991757 29.7887 0.763014 2.83729e-10
0.67001 0.00034801 7.35215e-05 -0.0788277 -0.378632 0.604467 0.389461 -0.511078 -0.869001 -1.16413 1.12478 4.59705 1.88983 29.7884 0.774572 18.2625 1.00677 29.7884 0.774572 3.62777e-10
0.68001 0.000358095 7.58904e-05 0.0238037 -0.364927 0.561308 0.449915 -0.455959 -0.89811 -1.19909 1.09225 4.58649 1.91662 29.7881 0.78613 18.2617 1.02178 29.7881 0.78613 3.85487e-10
0.69001 0.000368331 7.83149e-05 0.124312 -0.321947 0.512198 0.505595 -0.399079 -0.923752 -1.23293 1.0587 4.57579 1.94336 29.7878 0.797688 18.2609 1.03679 29.7878 0.797688 2.95266e-10
0.70001 0.000378719 8.07968e-05 0.212728 -0.248384 0.457664 0.555921 -0.340653 -0.945819 -1.26565 1.02418 4.56493 1.97004 29.7875 0.809246 18.2601 1.0518 29.7875 0.809246 2.35424e-11
0.71001 0.000389259 8.33382e-05 0.277179 -0.147269 0.398294 0.600367 -0.280903 -0.964213 -1.2972 0.988725 4.55393 1.99665 29.7872 0.820804 18.2592 1.06681 29.7872 0.820804 -4.59916e-10
0.72001 0.000399952 8.59424e-05 0.306636 -0.0277946 0.334723 0.638474 -0.220058 -0.978852 -1.32757 0.952371 4.54278 2.0232 29.7868 0.832361 18.2584 1.08182 29.7868 0.832361 -1.06628e-09
0.73001 0.000410798 8.86134e-05 0.295252 0.0953478 0.267627 0.669853 -0.158351 -0.989667 -1.35675 0.915155 4.53149 2.04968 29.7865 0.843919 18.2575 1.09683 29.7865 0.843919 -1.5871e-09
0.74001 0.000421795 9.13552e-05 0.245355 0.20622 0.197721 0.694187 -0.0960227 -0.996604 -1.3847 0.877115 4.52005 2.0761 29.7862 0.855476 18.2567 1.11183 29.7862 0.855476 -1.84875e-09
0.75001 0.00043294 9.4171e-05 0.166198 0.292856 0.125743 0.711235 -0.0333152 -0.999624 -1.41141 0.838289 4.50847 2.10245 29.7859 0.867033 18.2558 1.12684 29.7859 0.867033 -1.84042e-09
0.76001 0.000444229 9.70629e-05 0.0697489 0.349594 0.0524525 0.720832 0.0295254 -0.998701 -1.43686 0.798716 4.49674 2.12873 29.7855 0.87859 18.2549 1.14185 29.7855 0.87859 -1.66189e-09
0.77001 0.00045566 0.000100032 -0.0329745 0.37608 -0.0213819 0.722896 0.0922508 -0.993827 -1.46103 0.758434 4.48487 2.15495 29.7852 0.890147 18.254 1.15685 29.7852 0.890147 -1.4158e-09
0.78001 0.000467228 0.000103078 -0.133461 0.375067 -0.0949886 0.717419 0.154612 -0.985009 -1.48391 0.717482 4.47285 2.18109 29.7848 0.901704 18.2531 1.17186 29.7848 0.901704 -1.16363e-09
0.79001 0.000478932 0.000106202 -0.225737 0.350621 -0.167602 0.704477 0.216359 -0.972269 -1.50548 0.675897 4.46069 2.20717 29.7845 0.91326 18.2521 1.18686 29.7845 0.91326 -9.31315e-10
0.80001 0.000490768 0.000109403 -0.305828 0.307099 -0.238469 0.684217 0.277245 -0.955646 -1.52574 0.633719 4.44839 2.23317 29.7841 0.924817 18.2512 1.20186 29.7841 0.924817 -7.25151e-10
0.81001 0.000502737 0.000112681 -0.371171 0.24869 -0.306859 0.656866 0.337021 -0.935193 -1.54465 0.590986 4.43595 2.25911 29.7838 0.936373 18.2503 1.21687 29.7838 0.936373 -5.4289e-10
0.82001 0.000514835 0.000116036 -0.420151 0.179279 -0.37207 0.62272 0.395446 -0.910983 -1.56222 0.547739 4.42336 2.28497 29.7834 0.947929 18.2493 1.23187 29.7834 0.947929 -3.79448e-10
0.83001 0.000527061 0.000119466 -0.451793 0.102449 -0.433433 0.582145 0.452278 -0.8831 -1.57843 0.504015 4.41063 2.31075 29.783 0.959485 18.2483 1.24687 29.783 0.959485 -2.29216e-10
0.84001 0.000539414 0.000122972 -0.465557 0.0215573 -0.490323 0.53557 0.507285 -0.851647 -1.59327 0.459855 4.39776 2.33647 29.7827 0.971041 18.2473 1.26187 29.7827 0.971041 -8.69543e-11
0.85001 0.000551892 0.000126552 -0.461229 -0.0601694 -0.542161 0.483485 0.560237 -0.816741 -1.60674 0.415297 4.38475 2.36211 29.7823 0.982597 18.2463 1.27687 29.7823 0.982597 5.19954e-11
0.86001 0.000564496 0.000130207 -0.438875 -0.139533 -0.588422 0.426432 0.610915 -0.778515 -1.61881 0.370381 4.3716 2.38767 29.7819 0.994152 18.2453 1.29186 29.7819 0.994152 1.91637e-10
0.87001 0.000577222 0.000133935 -0.398854 -0.213257 -0.628639 0.365004 0.659105 -0.737115 -1.62949 0.325145 4.35831 2.41316 29.7815 1.00571 18.2443 1.30686 29.7815 1.00571 3.35081e-10
0.88001 0.000590072 0.000137735 -0.341897 -0.277887 -0.662406 0.299837 0.704605 -0.692704 -1.63877 0.279631 4.34488 2.43857 29.7811 1.01726 18.2433 1.32186 29.7811 1.01726 4.83934e-10
0.89001 0.000603044 0.000141607 -0.269251 -0.329704 -0.689383 0.231599 0.747222 -0.645456 -1.64664 0.233876 4.33132 2.4639 29.7807 1.02882 18.2422 1.33685 29.7807 1.02882 6.36787e-10
0.90001 0.000616138 0.000145549 -0.182936 -0.364673 -0.709299 0.160994 0.786775 -0.595557 -1.6531 0.187922 4.31761 2.48916 29.7803 1.04037 18.2412 1.35185 29.7803 1.04037 7.86118e-10
0.91001 0.000629354 0.00014956 -0.0861202 -0.378492 -0.721954 0.0887429 0.823095 -0.543209 -1.65815 0.141806 4.30377 2.51433 29.7799 1.05193 18.2401 1.36684 29.7799 1.05193 9.12465e-10
0.92001 0.000642693 0.000153639 0.0163463 -0.366858 -0.727221 0.0155864 0.856026 -0.488623 -1.66177 0.0955695 4.28979 2.53943 29.7795 1.06348 18.239 1.38183 29.7795 1.06348 9.75275e-10
0.93001 0.000656156 0.000157785 0.117332 -0.326159 -0.725048 -0.0577279 0.885427 -0.432019 -1.66397 0.0492513 4.27567 2.56444 29.7791 1.07504 18.2379 1.39683 29.7791 1.07504 9.03803e-10
0.94001 0.000669744 0.000161998 0.207058 -0.254852 -0.715456 -0.13045 0.911171 -0.373628 -1.66475 0.00289115 4.26141 2.58937 29.7787 1.08659 18.2368 1.41182 29.7787 1.08659 6.04263e-10
0.95001 0.00068346 0.000166276 0.27373 -0.155566 -0.698541 -0.201837 0.933147 -0.31369 -1.66411 -0.0434713 4.24702 2.61422 29.7783 1.09815 18.2357 1.42681 29.7783 1.09815 1.64086e-11
0.96001 0.000697304 0.000170622 0.30611 -0.0370073 -0.674472 -0.271157 0.951259 -0.252452 -1.66205 -0.0897964 4.2325 2.63899 29.7779 1.1097 18.2346 1.4418 29.7779 1.1097 -7.7884e-10
0.97001 0.00071128 0.000175037 0.29782 0.0864348 -0.643489 -0.337698 0.965428 -0.190166 -1.65856 -0.136045 4.21784 2.66367 29.7774 1.12125 18.2334 1.45679 29.7774 1.12125 -1.52843e-09
0.98001 0.000725386 0.000179524 0.250558 0.198719 -0.605906 -0.400777 0.975593 -0.127089 -1.65365 -0.182176 4.20305 2.68827 29.777 1.13281 18.2323 1.47177 29.777 1.13281 -1.98317e-09
0.99001 0.000739623 0.000184085 0.17319 0.28745 -0.562099 -0.459743 0.98171 -0.0634842 -1.64733 -0.228152 4.18812 2.71278 29.7766 1.14436 18.2311 1.48676 29.7766 1.14436 -2.08861e-09
1.00001 0.000753988 0.000188721 0.0776326 0.346498 -0.51251 -0.513984 0.983752 0.000385524 -1.63959 -0.273931 4.17306 2.7372 29.7761 1.15591 18.23 1.50174 29.7761 1.15591 -1.95211e-09
1.01001 0.000768481 0.000193433 -0.0249462 0.375186 -0.457642 -0.562936 0.98171 0.0642545 -1.63045 -0.319476 4.15787 2.76154 29.7757 1.16747 18.2288 1.51673 29.7757 1.16747 -1.70534e-09
1.02001 0.000783101 0.000198219 -0.125833 0.376105 -0.398051 -0.606085 0.975592 0.127858 -1.6199 -0.364745 4.14254 2.78579 29.7752 1.17902 18.2276 1.53171 29.7752 1.17902 -1.43446e-09
1.03001 0.000797848 0.000203079 -0.218881 0.353267 -0.334344 -0.642978 0.965427 0.190931 -1.60796 -0.4097 4.12709 2.80996 29.7748 1.19057 18.2264 1.5467 29.7748 1.19057 -1.17945e-09
1.04001 0.000812721 0.000208014 -0.299986 0.311028 -0.267172 -0.673219 0.951258 0.253212 -1.59463 -0.454302 4.1115 2.83403 29.7743 1.20213 18.2251 1.56168 29.7743 1.20213 -9.52671e-10
1.05001 0.000827723 0.000213024 -0.366497 0.253599 -0.197223 -0.696484 0.933146 0.314444 -1.57992 -0.49851 4.09578 2.85801 29.7738 1.21368 18.2239 1.57666 29.7738 1.21368 -7.53633e-10
1.06001 0.000842853 0.000218108 -0.416741 0.184887 -0.125219 -0.712517 0.911171 0.374375 -1.56384 -0.542287 4.07993 2.88191 29.7734 1.22523 18.2227 1.59164 29.7734 1.22523 -5.76931e-10
1.07001 0.000858112 0.000223267 -0.449704 0.108496 -0.0519034 -0.721135 0.885429 0.432756 -1.5464 -0.585591 4.06396 2.90571 29.7729 1.23678 18.2214 1.60662 29.7729 1.23678 -4.15799e-10
1.08001 0.000873501 0.000228501 -0.464816 0.0277983 0.0219619 -0.722234 0.856029 0.48935 -1.52761 -0.628385 4.04785 2.92942 29.7724 1.24834 18.2201 1.62159 29.7724 1.24834 -2.6352e-10
1.09001 0.000889021 0.000233811 -0.461843 -0.0539745 0.0956066 -0.715784 0.823101 0.543926 -1.50748 -0.670629 4.03162 2.95304 29.7719 1.25989 18.2189 1.63657 29.7719 1.25989 -1.13862e-10
1.10001 0.000904673 0.000239199 -0.440829 -0.133625 0.16826 -0.701839 0.786784 0.596261 -1.48603 -0.712284 4.01526 2.97656 29.7714 1.27144 18.2176 1.65155 29.7714 1.27144 3.87312e-11
1.11001 0.000920458 0.000244665 -0.40211 -0.207887 0.239157 -0.680529 0.747236 0.646145 -1.46327 -0.753312 3.99877 2.99999 29.7709 1.28299 18.2163 1.66652 29.7709 1.28299 1.9893e-10
1.12001 0.000936377 0.00025021 -0.346384 -0.273324 0.307549 -0.652061 0.704624 0.693378 -1.43922 -0.793673 3.98215 3.02332 29.7705 1.29454 18.2149 1.68149 29.7705 1.29454 3.69812e-10
1.13001 0.00095243 0.000255836 -0.274853 -0.326236 0.372712 -0.616723 0.65913 0.737773 -1.41389 -0.83333 3.96541 3.04656 29.77 1.30609 18.2136 1.69646 29.77 1.30609 5.5119e-10
1.14001 0.000968619 0.000261544 -0.189467 -0.362613 0.433951 -0.574873 0.610948 0.779154 -1.3873 -0.872243 3.94855 3.0697 29.7694 1.31764 18.2123 1.71144 29.7694 1.31764 7.36046e-10
1.15001 0.000984945 0.000267335 -0.0932915 -0.378168 0.490613 -0.526943 0.56028 0.817362 -1.35946 -0.910376 3.93156 3.09275 29.7689 1.32919 18.2109 1.72641 29.7689 1.32919 9.03677e-10
1.16001 0.00100141 0.000273212 0.00897012 -0.368581 0.54209 -0.47343 0.507338 0.852248 -1.3304 -0.947688 3.91444 3.1157 29.7684 1.34074 18.2096 1.74137 29.7684 1.34074 1.00838e-09
1.17001 0.00101801 0.000279175 0.110376 -0.33015 0.587828 -0.414894 0.452343 0.88368 -1.30013 -0.984144 3.89721 3.13855 29.7679 1.35229 18.2082 1.75634 29.7679 1.35229 9.66733e-10
1.18001 0.00103475 0.000285228 0.201344 -0.261111 0.627335 -0.351949 0.395524 0.911541 -1.26869 -1.0197 3.87985 3.1613 29.7674 1.36384 18.2068 1.77131 29.7674 1.36384 6.61087e-10
1.19001 0.00105164 0.000291373 0.270168 -0.163701 0.660184 -0.285259 0.337115 0.935729 -1.23608 -1.05433 3.86236 3.18395 29.7669 1.37539 18.2054 1.78627 29.7669 1.37539 -2.50711e-14
1.20001 0.00106866 0.000297613 0.305431 -0.0461413 0.686018 -0.21553 0.277356 0.956158 -1.20234 -1.08799 3.84476 3.2065 29.7663 1.38694 18.204 1.80124 29.7663 1.38694 -9.498e-10
1.21001 0.00108584 0.000303955 0.300241 0.0775061 0.704559 -0.143503 0.216489 0.972758 -1.16748 -1.12065 3.82703 3.22895 29.7658 1.39849 18.2026 1.8162 29.7658 1.39849 -1.89814e-09
1.22001 0.00110315 0.000310403 0.255665 0.19113 0.715604 -0.0699434 0.154763 0.985474 -1.13154 -1.15226 3.80919 3.2513 29.7652 1.41004 18.2011 1.83116 29.7652 1.41004 -2.51999e-09
1.23001 0.00112061 0.000316962 0.180156 0.281921 0.719033 0.00436498 0.0924243 0.994268 -1.09454 -1.18279 3.79122 3.27355 29.7647 1.42159 18.1997 1.84613 29.7647 1.42159 -2.71006e-09
1.24001 0.0011382 0.000323636 0.0855541 0.343276 0.714811 0.0786304 0.0297237 0.999117 -1.0565 -1.21221 3.77314 3.29569 29.7641 1.43314 18.1982 1.86108 29.7641 1.43314 -2.57819e-09
1.25001 0.00115593 0.000330427 -0.0168308 0.37418 0.702982 0.152061 -0.03309 1.00001 -1.01747 -1.24048 3.75493 3.31773 29.7636 1.44469 18.1968 1.87604 29.7636 1.44469 -2.28488e-09
1.26001 0.00117378 0.000337338 -0.118084 0.377054 0.683676 0.223876 -0.0957687 0.996971 -0.977457 -1.26756 3.73661 3.33966 29.763 1.45624 18.1953 1.891 29.763 1.45624 -1.94288e-09
1.27001 0.00119177 0.00034437 -0.21188 0.355849 0.657102 0.293311 -0.158066 0.99001 -0.936508 -1.29343 3.71817 3.36149 29.7625 1.46779 18.1938 1.90596 29.7625 1.46779 -1.60812e-09
1.28001 0.00120988 0.000351526 -0.293985 0.314918 0.623551 0.359628 -0.21974 0.97917 -0.894652 -1.31805 3.69962 3.38322 29.7619 1.47933 18.1923 1.92091 29.7619 1.47933 -1.30053e-09
1.29001 0.00122812 0.000358805 -0.361654 0.258491 0.583384 0.422128 -0.28055 0.964508 -0.851923 -1.34138 3.68095 3.40484 29.7613 1.49088 18.1908 1.93586 29.7613 1.49088 -1.02237e-09
1.30001 0.00124647 0.000366211 -0.413158 0.190499 0.537036 0.480149 -0.340263 0.946091 -0.808356 -1.36339 3.66216 3.42635 29.7608 1.50243 18.1892 1.95082 29.7608 1.50243 -7.68743e-10
1.31001 0.00126494 0.000373743 -0.447437 0.114568 0.485008 0.533084 -0.39865 0.924003 -0.763988 -1.38405 3.64326 3.44776 29.7602 1.51398 18.1877 1.96577 29.7602 1.51398 -5.32462e-10
1.32001 0.00128353 0.000381403 -0.463897 0.0340818 0.427859 0.58038 -0.45549 0.898339 -0.718857 -1.40333 3.62425 3.46906 29.7596 1.52552 18.1862 1.98072 29.7596 1.52552 -3.06033e-10
1.33001 0.00130223 0.000389192 -0.462279 -0.0477187 0.366201 0.621547 -0.510566 0.86921 -0.673001 -1.4212 3.60512 3.49024 29.759 1.53707 18.1846 1.99567 29.759 1.53707 -8.23795e-11
1.34001 0.00132103 0.000397111 -0.442607 -0.127638 0.300694 0.65616 -0.563672 0.836737 -0.626462 -1.43763 3.58588 3.51132 29.7584 1.54862 18.183 2.01061 29.7584 1.54862 1.44971e-10
1.35001 0.00133994 0.00040516 -0.405194 -0.202419 0.232035 0.68387 -0.614609 0.801054 -0.579282 -1.45259 3.56652 3.53229 29.7578 1.56016 18.1814 2.02556 29.7578 1.56016 3.8155e-10
1.36001 0.00135896 0.000413339 -0.350706 -0.268639 0.160951 0.704397 -0.663188 0.762305 -0.531504 -1.46606 3.54706 3.55315 29.7572 1.57171 18.1798 2.0405 29.7572 1.57171 6.31267e-10
1.37001 0.00137808 0.000421648 -0.280301 -0.322623 0.0881932 0.717541 -0.709229 0.720647 -0.483171 -1.478 3.52749 3.5739 29.7566 1.58325 18.1782 2.05545 29.7566 1.58325 8.94582e-10
1.38001 0.00139729 0.000430087 -0.19586 -0.360383 0.014527 0.723182 -0.752562 0.676244 -0.434331 -1.48839 3.5078 3.59454 29.756 1.5948 18.1766 2.07039 29.756 1.5948 1.16456e-09
1.39001 0.0014166 0.000438656 -0.100351 -0.377649 -0.0592766 0.721275 -0.793028 0.629271 -0.38503 -1.4972 3.48801 3.61507 29.7554 1.60635 18.175 2.08533 29.7554 1.60635 1.41909e-09
1.40001 0.001436 0.000447354 0.00166636 -0.370087 -0.132448 0.711857 -0.83048 0.579912 -0.335317 -1.50442 3.4681 3.63548 29.7547 1.61789 18.1733 2.10027 29.7547 1.61789 1.60765e-09
1.41001 0.00145549 0.000456179 0.103439 -0.333912 -0.204227 0.695042 -0.864781 0.528359 -0.285241 -1.51001 3.44809 3.65578 29.7541 1.62944 18.1717 2.11521 29.7541 1.62944 1.63507e-09
1.42001 0.00147508 0.00046513 0.19558 -0.267152 -0.273872 0.67102 -0.895806 0.47481 -0.234854 -1.51397 3.42797 3.67596 29.7535 1.64098 18.17 2.13014 29.7535 1.64098 1.36087e-09
1.43001 0.00149475 0.000474209 0.26649 -0.171663 -0.340666 0.640054 -0.923445 0.419471 -0.184208 -1.51626 3.40775 3.69603 29.7529 1.65252 18.1683 2.14508 29.7529 1.65252 6.61424e-10
1.44001 0.00151451 0.000483414 0.304595 -0.0551837 -0.403924 0.602477 -0.947597 0.362552 -0.133357 -1.51688 3.38742 3.71599 29.7522 1.66407 18.1666 2.16001 29.7522 1.66407 -4.16496e-10
1.45001 0.00153436 0.000492746 0.302513 0.0685765 -0.462998 0.558689 -0.968175 0.30427 -0.0823544 -1.51581 3.36698 3.73583 29.7516 1.67561 18.1649 2.17495 29.7516 1.67561 -1.55366e-09
1.46001 0.00155429 0.000502209 0.260673 0.183467 -0.517289 0.509152 -0.985106 0.244845 -0.0312578 -1.51302 3.34644 3.75556 29.7509 1.68716 18.1632 2.18988 29.7509 1.68716 -2.34982e-09
1.47001 0.0015743 0.000511801 0.187091 0.276283 -0.566244 0.454385 -0.998329 0.184503 0.0198762 -1.50851 3.3258 3.77516 29.7503 1.6987 18.1615 2.20481 29.7503 1.6987 -2.64157e-09
1.48001 0.00159439 0.000521523 0.0935086 0.339942 -0.609368 0.394956 -1.0078 0.123469 0.070989 -1.50227 3.30505 3.79466 29.7496 1.71024 18.1597 2.21973 29.7496 1.71024 -2.53525e-09
1.49001 0.00161456 0.000531373 -0.0086328 0.373079 -0.646225 0.331482 -1.01348 0.0619739 0.122021 -1.49428 3.2842 3.81403 29.749 1.72179 18.158 2.23466 29.749 1.72179 -2.21902e-09
1.50001 0.00163479 0.000541349 -0.110218 0.377932 -0.676446 0.264617 -1.01534 0.000248409 0.172913 -1.48455 3.26325 3.83328 29.7483 1.73333 18.1562 2.24959 29.7483 1.73333 -1.83342e-09
1.51001 0.00165509 0.000551449 -0.20474 0.358387 -0.699725 0.195049 -1.0134 -0.0614759 0.223602 -1.47306 3.24219 3.85242 29.7476 1.74487 18.1545 2.26451 29.7476 1.74487 -1.45157e-09
1.52001 0.00167546 0.00056167 -0.28783 0.318789 -0.715829 0.123492 -1.00764 -0.122967 0.274026 -1.45982 3.22104 3.87144 29.7469 1.75641 18.1527 2.27943 29.7469 1.75641 -1.10153e-09
1.53001 0.00169589 0.000572009 -0.356651 0.263387 -0.724596 0.0506767 -0.998097 -0.183995 0.324122 -1.44481 3.19979 3.89034 29.7463 1.76795 18.1509 2.29435 29.7463 1.76795 -7.88429e-10
1.54001 0.00171639 0.000582464 -0.409409 0.196136 -0.725938 -0.0226504 -0.984797 -0.244329 0.373827 -1.42805 3.17844 3.90911 29.7456 1.7795 18.1491 2.30927 29.7456 1.7795 -5.07655e-10
1.55001 0.00173695 0.000593031 -0.445004 0.120683 -0.719842 -0.0957399 -0.96779 -0.303743 0.423074 -1.40954 3.15699 3.92777 29.7449 1.79104 18.1472 2.32419 29.7449 1.79104 -2.51171e-10
1.56001 0.00175757 0.000603708 -0.462812 0.0404276 -0.706368 -0.167844 -0.947136 -0.362012 0.4718 -1.38928 3.13544 3.9463 29.7442 1.80258 18.1454 2.33911 29.7442 1.80258 -1.01997e-11
1.57001 0.00177825 0.000614494 -0.462551 -0.0413827 -0.685651 -0.238226 -0.922909 -0.418915 0.519939 -1.36728 3.1138 3.96472 29.7435 1.81412 18.1436 2.35402 29.7435 1.81412 2.23801e-10
1.58001 0.001799 0.000625384 -0.444224 -0.121552 -0.657899 -0.306163 -0.895196 -0.474237 0.567423 -1.34355 3.09206 3.98301 29.7428 1.82566 18.1417 2.36894 29.7428 1.82566 4.5881e-10
1.59001 0.00181981 0.000636378 -0.408122 -0.196832 -0.62339 -0.370957 -0.864097 -0.527766 0.614188 -1.31812 3.07022 4.00118 29.7421 1.8372 18.1398 2.38385 29.7421 1.8372 7.01918e-10
1.60001 0.00184068 0.000647472 -0.354881 -0.263816 -0.58247 -0.431942 -0.829724 -0.579297 0.660167 -1.29099 3.04829 4.01922 29.7414 1.84874 18.138 2.39876 29.7414 1.84874 9.58585e-10
1.61001 0.00186161 0.000658664 -0.285614 -0.31885 -0.535553 -0.488485 -0.792202 -0.628631 0.705292 -1.26219 3.02627 4.03714 29.7407 1.86028 18.1361 2.41367 29.7407 1.86028 1.2307e-09
1.62001 0.00188261 0.000669953 -0.202138 -0.357971 -0.483112 -0.540001 -0.751666 -0.675577 0.749499 -1.23174 3.00415 4.05494 29.74 1.87182 18.1342 2.42858 29.74 1.87182 1.51231e-09
1.63001 0.00190368 0.000681335 -0.107325 -0.376925 -0.425678 -0.585951 -0.708264 -0.719952 0.792719 -1.19967 2.98194 4.07261 29.7392 1.88336 18.1322 2.44348 29.7392 1.88336 1.78103e-09
1.64001 0.00192482 0.000692809 -0.00559184 -0.371369 -0.363835 -0.625851 -0.662157 -0.76158 0.834889 -1.16599 2.95964 4.09016 29.7385 1.8949 18.1303 2.45839 29.7385 1.8949 1.98303e-09
1.65001 0.00194602 0.000704374 0.0964914 -0.337442 -0.298215 -0.659279 -0.613512 -0.800297 0.875943 -1.13076 2.93725 4.10758 29.7378 1.90644 18.1284 2.47329 29.7378 1.90644 2.01351e-09
1.66001 0.0019673 0.000716027 0.18974 -0.272976 -0.229488 -0.685877 -0.562512 -0.835947 0.915816 -1.094 2.91477 4.12488 29.737 1.91797 18.1264 2.48819 29.737 1.91797 1.71145e-09
1.67001 0.00198866 0.000727769 0.262669 -0.179459 -0.158361 -0.705354 -0.509344 -0.868384 0.954445 -1.05575 2.8922 4.14205 29.7363 1.92951 18.1245 2.50309 29.7363 1.92951 9.21471e-10
1.68001 0.0020101 0.0007396 0.303579 -0.0641426 -0.0855688 -0.717495 -0.454208 -0.897476 0.991767 -1.01604 2.86954 4.15909 29.7356 1.94105 18.1225 2.51799 29.7356 1.94105 -3.34144e-10
1.69001 0.00203163 0.000751523 0.304614 0.0596346 -0.0118645 -0.722157 -0.397311 -0.923101 1.02772 -0.974937 2.8468 4.17601 29.7348 1.95259 18.1205 2.53288 29.7348 1.95259 -1.7146e-09
1.70001 0.00205324 0.000763539 0.265566 0.175719 0.0619845 -0.719274 -0.338869 -0.94515 1.06225 -0.932472 2.82396 4.1928 29.7341 1.96413 18.1185 2.54778 29.7341 1.96413 -2.74561e-09
1.71001 0.00207493 0.000775651 0.193985 0.270526 0.135207 -0.708863 -0.279102 -0.963526 1.09529 -0.8887 2.80104 4.20945 29.7333 1.97566 18.1165 2.56267 29.7333 1.97566 -3.19805e-09
1.72001 0.00209672 0.000787861 0.101489 0.336488 0.207033 -0.691014 -0.218241 -0.978147 1.12679 -0.843674 2.77804 4.22598 29.7325 1.9872 18.1145 2.57756 29.7325 1.9872 -3.16763e-09
1.73001 0.00211859 0.00080017 -0.000357989 0.371879 0.276708 -0.665902 -0.156519 -0.988943 1.1567 -0.79745 2.75495 4.24239 29.7318 1.99874 18.1125 2.59245 29.7318 1.99874 -2.86828e-09
1.74001 0.00214055 0.000812579 -0.102241 0.378739 0.343492 -0.633773 -0.0941758 -0.995861 1.18496 -0.750086 2.73177 4.25866 29.731 2.01027 18.1104 2.60734 29.731 2.01027 -2.46919e-09
1.75001 0.00216259 0.000825087 -0.197469 0.360881 0.406678 -0.594955 -0.0314537 -0.998861 1.21152 -0.701645 2.70851 4.2748 29.7302 2.02181 18.1084 2.62223 29.7302 2.02181 -2.06194e-09
1.76001 0.00218473 0.000837695 -0.281533 0.322643 0.465592 -0.549844 0.0314008 -0.997918 1.23633 -0.65219 2.68517 4.29081 29.7294 2.03334 18.1063 2.63711 29.7294 2.03334 -1.68347e-09
1.77001 0.00220695 0.000850405 -0.3515 0.268289 0.519602 -0.498907 0.0941397 -0.993024 1.25936 -0.601788 2.66175 4.30669 29.7286 2.04488 18.1042 2.65199 29.7286 2.04488 -1.34218e-09
1.78001 0.00222926 0.000863217 -0.405509 0.201801 0.56813 -0.442675 0.156514 -0.984186 1.28055 -0.550507 2.63825 4.32244 29.7279 2.05641 18.1021 2.66687 29.7279 2.05641 -1.03388e-09
1.79001 0.00225167 0.000876133 -0.442421 0.126845 0.610653 -0.381736 0.218273 -0.971425 1.29987 -0.498421 2.61466 4.33806 29.7271 2.06795 18.1 2.68175 29.7271 2.06795 -7.49771e-10
1.80001 0.00227417 0.000889153 -0.461578 0.0468383 0.646712 -0.316732 0.27917 -0.95478 1.31729 -0.4456 2.591 4.35355 29.7263 2.07948 18.0979 2.69663 29.7263 2.07948 -4.7986e-10
1.81001 0.00229676 0.000902281 -0.462677 -0.0349644 0.675916 -0.24835 0.338957 -0.934307 1.33277 -0.392122 2.56726 4.3689 29.7255 2.09101 18.0958 2.71151 29.7255 2.09101 -2.14284e-10
1.82001 0.00231945 0.000915517 -0.4457 -0.115367 0.697951 -0.177314 0.397391 -0.910075 1.34629 -0.338062 2.54344 4.38412 29.7247 2.10255 18.0937 2.72638 29.7247 2.10255 5.62848e-11
1.83001 0.00234223 0.000928864 -0.410915 -0.191128 0.712576 -0.10438 0.454233 -0.882171 1.35781 -0.2835 2.51954 4.39921 29.7238 2.11408 18.0915 2.74125 29.7238 2.11408 3.40249e-10
1.84001 0.00236511 0.000942323 -0.358928 -0.258856 0.719632 -0.0303241 0.509248 -0.850696 1.36731 -0.228516 2.49557 4.41416 29.723 2.12561 18.0893 2.75612 29.723 2.12561 6.44324e-10
1.85001 0.00238809 0.000955897 -0.29081 -0.314919 0.719044 0.0440654 0.562207 -0.815769 1.37479 -0.173189 2.47152 4.42899 29.7222 2.13715 18.0872 2.77099 29.7222 2.13715 9.71506e-10
1.86001 0.00241116 0.000969587 -0.208317 -0.355378 0.710818 0.117996 0.612891 -0.777522 1.38022 -0.117603 2.4474 4.44367 29.7214 2.14868 18.085 2.78586 29.7214 2.14868 1.31654e-09
1.87001 0.00243433 0.000983397 -0.114223 -0.375997 0.695043 0.190679 0.661087 -0.736101 1.38359 -0.0618392 2.4232 4.45822 29.7205 2.16021 18.0828 2.80073 29.7205 2.16021 1.65661e-09
1.88001 0.00245759 0.000997327 -0.0128095 -0.372424 0.671892 0.261342 0.706591 -0.691669 1.3849 -0.00598178 2.39893 4.47264 29.7197 2.17174 18.0806 2.81559 29.7197 2.17174 1.93481e-09
1.89001 0.00248095 0.00101138 0.0895349 -0.340733 0.641615 0.329235 0.749212 -0.6444 1.38414 0.0498862 2.37458 4.48692 29.7189 2.18327 18.0784 2.83045 29.7189 2.18327 2.03738e-09
1.90001 0.00250441 0.00102556 0.183826 -0.278566 0.604542 0.393637 0.788767 -0.594482 1.38133 0.105681 2.35017 4.50107 29.718 2.19481 18.0761 2.84531 29.718 2.19481 1.78371e-09
1.91001 0.00252796 0.00103986 0.258709 -0.187058 0.561073 0.453869 0.825089 -0.542115 1.37645 0.161321 2.32568 4.51508 29.7172 2.20634 18.0739 2.86017 29.7172 2.20634 9.86178e-10
1.92001 0.00255162 0.0010543 0.302375 -0.0729794 0.511678 0.509297 0.858022 -0.487509 1.36952 0.216721 2.30113 4.52896 29.7163 2.21787 18.0716 2.87503 29.7163 2.21787 -3.62491e-10
1.93001 0.00257537 0.00106887 0.306523 0.050723 0.45689 0.55934 0.887423 -0.430887 1.36056 0.2718 2.2765 4.5427 29.7155 2.2294 18.0694 2.88988 29.7155 2.2294 -1.90859e-09
1.94001 0.00259922 0.00108359 0.270307 0.167922 0.397295 0.603479 0.913167 -0.372479 1.34958 0.326477 2.25181 4.5563 29.7146 2.24093 18.0671 2.90473 29.7146 2.24093 -3.10705e-09
1.95001 0.00262316 0.00109845 0.20079 0.264675 0.333533 0.641257 0.935141 -0.312525 1.3366 0.380672 2.22705 4.56976 29.7137 2.25246 18.0648 2.91958 29.7137 2.25246 -3.65741e-09
1.96001 0.00264719 0.00111346 0.109446 0.332929 0.266283 0.672288 0.953251 -0.251271 1.32164 0.434305 2.20222 4.58309 29.7129 2.26398 18.0625 2.93443 29.7129 2.26398 -3.63856e-09
1.97001 0.00267131 0.00112862 0.00794679 0.370581 0.196259 0.696259 0.967418 -0.18897 1.30475 0.487299 2.17733 4.59628 29.712 2.27551 18.0602 2.94928 29.712 2.27551 -3.28898e-09
1.98001 0.00269551 0.00114393 -0.0941945 0.379467 0.124203 0.712932 0.977581 -0.125879 1.28593 0.539579 2.15237 4.60933 29.7111 2.28704 18.0579 2.96412 29.7111 2.28704 -2.8084e-09
1.99001 0.00271978 0.0011594 -0.1901 0.36332 0.0508732 0.722148 0.983695 -0.0622613 1.26524 0.591071 2.12734 4.62224 29.7102 2.29857 18.0555 2.97897 29.7102 2.29857 -2.30905e-09
2.00001 0.00274413 0.00117502 -0.275119 0.326465 -0.0229598 0.723828 0.985733 0.0016204 1.24271 0.641702 2.10225 4.63501 29.7094 2.3101 18.0532 2.99381 29.7094 2.3101 -1.83853e-09
2.01001 0.00276855 0.00119079 -0.346217 0.273183 -0.0965248 0.717968 0.983687 0.0655004 1.21837 0.691403 2.0771 4.64765 29.7085 2.32162 18.0508 3.00865 29.7085 2.32162 -1.40961e-09
2.02001 0.00279304 0.00120672 -0.40147 0.207478 -0.169056 0.704648 0.977566 0.129113 1.19228 0.740108 2.05189 4.66015 29.7076 2.33315 18.0485 3.02348 29.7076 2.33315 -1.01939e-09
2.03001 0.00281759 0.00122281 -0.439692 0.13304 -0.239803 0.684019 0.967397 0.192195 1.16448 0.78775 2.02661 4.6725 29.7067 2.34468 18.0461 3.03832 29.7067 2.34468 -6.58926e-10
2.04001 0.00284221 0.00123904 -0.460195 0.053302 -0.308034 0.656313 0.953224 0.254485 1.13502 0.834268 2.00128 4.68472 29.7058 2.3562 18.0437 3.05315 29.7058 2.3562 -3.1756e-10
2.05001 0.00286688 0.00125544 -0.462652 -0.0284735 -0.373049 0.621828 0.935109 0.315724 1.10394 0.879603 1.97588 4.69679 29.7049 2.36773 18.0413 3.06798 29.7049 2.36773 1.55033e-11
2.06001 0.00289161 0.00127198 -0.447025 -0.109089 -0.434182 0.580935 0.913131 0.37566 1.07132 0.923697 1.95043 4.70873 29.7039 2.37926 18.0389 3.08281 29.7039 2.37926 3.50566e-10
2.07001 0.0029164 0.00128868 -0.413559 -0.185311 -0.490809 0.534066 0.887386 0.434047 1.03719 0.966496 1.92492 4.72053 29.703 2.39078 18.0364 3.09764 29.703 2.39078 6.97074e-10
2.08001 0.00294124 0.00130554 -0.362831 -0.253762 -0.542355 0.481713 0.857984 0.490646 1.00162 1.00795 1.89935 4.73218 29.7021 2.40231 18.034 3.11247 29.7021 2.40231 1.06281e-09
2.09001 0.00296613 0.00132254 -0.295872 -0.31083 -0.588296 0.424423 0.825053 0.545225 0.964673 1.04801 1.87372 4.74369 29.7012 2.41383 18.0316 3.12729 29.7012 2.41383 1.45183e-09
2.10001 0.00299106 0.00133969 -0.214375 -0.352601 -0.628169 0.362791 0.788735 0.597563 0.9264 1.08663 1.84804 4.75507 29.7002 2.42535 18.0291 3.14211 29.7002 2.42535 1.85965e-09
2.11001 0.00301604 0.001357 -0.121023 -0.374858 -0.661572 0.297453 0.749185 0.647449 0.886868 1.12378 1.82231 4.7663 29.6993 2.43688 18.0266 3.15693 29.6993 2.43688 2.26342e-09
2.12001 0.00304107 0.00137445 -0.0199654 -0.373245 -0.688168 0.229083 0.706573 0.694684 0.846139 1.1594 1.79652 4.77739 29.6984 2.4484 18.0241 3.17175 29.6984 2.4484 2.60391e-09
2.13001 0.00306614 0.00139204 0.0825894 -0.343772 -0.70769 0.158382 0.66108 0.73908 0.804277 1.19347 1.77067 4.78833 29.6974 2.45992 18.0216 3.18656 29.6974 2.45992 2.75988e-09
2.14001 0.00309125 0.00140979 0.177858 -0.283907 -0.719942 0.0860755 0.612898 0.780462 0.761348 1.22595 1.74477 4.79914 29.6965 2.47145 18.0191 3.20138 29.6965 2.47145 2.53301e-09
2.15001 0.0031164 0.00142767 0.254624 -0.194443 -0.724801 0.0129035 0.562231 0.818669 0.717418 1.25681 1.71883 4.8098 29.6955 2.48297 18.0166 3.21619 29.6955 2.48297 1.70432e-09
2.16001 0.0031416 0.0014457 0.300995 -0.0816731 -0.722218 -0.0603858 0.509291 0.853555 0.672551 1.28603 1.69283 4.82032 29.6946 2.49449 18.0141 3.231 29.6946 2.49449 2.33583e-10
2.17001 0.00316684 0.00146387 0.308247 0.041862 -0.71222 -0.133043 0.4543 0.884987 0.626816 1.31358 1.66678 4.8307 29.6936 2.50601 18.0115 3.24581 29.6936 2.50601 -1.52019e-09
2.18001 0.00319212 0.00148219 0.2749 0.160094 -0.694905 -0.204324 0.397485 0.912848 0.580277 1.33944 1.64068 4.84093 29.6926 2.51753 18.009 3.26061 29.6926 2.51753 -2.94436e-09
2.19001 0.00321745 0.00150065 0.207512 0.258747 -0.670447 -0.273499 0.33908 0.937036 0.533002 1.36359 1.61453 4.85102 29.6916 2.52906 18.0064 3.27541 29.6916 2.52906 -3.66072e-09
2.20001 0.00324281 0.00151926 0.117386 0.32928 -0.639091 -0.339858 0.279326 0.957464 0.485057 1.38602 1.58834 4.86097 29.6907 2.54058 18.0038 3.29021 29.6907 2.54058 -3.72339e-09
2.21001 0.00326821 0.00153802 0.0162863 0.369204 -0.601153 -0.402719 0.218466 0.974063 0.436508 1.40672 1.5621 4.87077 29.6897 2.5521 18.0012 3.30501 29.6897 2.5521 -3.39228e-09
2.22001 0.00329364 0.00155692 -0.0860754 0.380137 -0.557014 -0.461432 0.156746 0.986779 0.387422 1.42568 1.53581 4.88043 29.6887 2.56362 17.9986 3.31981 29.6887 2.56362 -2.89793e-09
2.23001 0.0033191 0.00157596 -0.182633 0.365724 -0.507119 -0.515388 0.0944157 0.995572 0.337863 1.44288 1.50948 4.88995 29.6877 2.57513 17.996 3.3346 29.6877 2.57513 -2.37409e-09
2.24001 0.00334459 0.00159515 -0.268589 0.330275 -0.451973 -0.564027 0.0317235 1.00042 0.287896 1.45832 1.4831 4.89932 29.6867 2.58665 17.9934 3.3494 29.6867 2.58665 -1.87933e-09
2.25001 0.00337011 0.00161447 -0.340809 0.278087 -0.392136 -0.606837 -0.031081 1.00132 0.237585 1.47201 1.45668 4.90855 29.6857 2.59817 17.9908 3.36419 29.6857 2.59817 -1.43071e-09
2.26001 0.00339566 0.00163393 -0.397299 0.213187 -0.328218 -0.643367 -0.0937497 0.998277 0.186995 1.48394 1.43022 4.91763 29.6847 2.60969 17.9881 3.37897 29.6847 2.60969 -1.02614e-09
2.27001 0.00342124 0.00165353 -0.436826 0.139286 -0.26087 -0.673228 -0.156037 0.991316 0.136187 1.49411 1.40371 4.92657 29.6837 2.62121 17.9854 3.39376 29.6837 2.62121 -6.55993e-10
2.28001 0.00344684 0.00167326 -0.458673 0.0598347 -0.190785 -0.696097 -0.217699 0.980479 0.0852228 1.50254 1.37716 4.93536 29.6827 2.63273 17.9828 3.40854 29.6827 2.63273 -3.08253e-10
2.29001 0.00347248 0.00169312 -0.462489 -0.0218955 -0.118684 -0.711722 -0.278497 0.965818 0.0341639 1.50921 1.35058 4.94401 29.6817 2.64424 17.9801 3.42333 29.6817 2.64424 2.94106e-11
2.30001 0.00349814 0.00171312 -0.448213 -0.102706 -0.0453121 -0.719926 -0.338198 0.947404 -0.0169304 1.51416 1.32395 4.95251 29.6807 2.65576 17.9774 3.4381 29.6807 2.65576 3.68912e-10
2.31001 0.00352384 0.00173325 -0.41607 -0.179369 0.0285683 -0.720607 -0.396572 0.925319 -0.0680013 1.51737 1.29728 4.96087 29.6796 2.66728 17.9747 3.45288 29.6796 2.66728 7.21325e-10
2.32001 0.00354956 0.0017535 -0.366607 -0.248521 0.102187 -0.713742 -0.453398 0.899659 -0.118991 1.51888 1.27058 4.96908 29.6786 2.67879 17.972 3.46766 29.6786 2.67879 1.09608e-09
2.33001 0.00357532 0.00177389 -0.300817 -0.306573 0.174772 -0.699387 -0.508461 0.870535 -0.169844 1.51868 1.24384 4.97714 29.6776 2.69031 17.9692 3.48243 29.6776 2.69031 1.49878e-09
2.34001 0.0036011 0.00179441 -0.220331 -0.349632 0.245562 -0.677676 -0.561552 0.838067 -0.220505 1.51681 1.21706 4.98507 29.6765 2.70182 17.9665 3.4972 29.6765 2.70182 1.92634e-09
2.35001 0.00362692 0.00181505 -0.127744 -0.3735 0.313807 -0.648822 -0.612475 0.802389 -0.270919 1.51327 1.19025 4.99284 29.6755 2.71334 17.9637 3.51197 29.6755 2.71334 2.35653e-09
2.36001 0.00365278 0.00183583 -0.027077 -0.373823 0.378786 -0.613116 -0.661039 0.763647 -0.321035 1.50808 1.1634 5.00047 29.6744 2.72485 17.961 3.52673 29.6744 2.72485 2.72879e-09
2.37001 0.00367867 0.00185673 0.0756379 -0.346552 0.439805 -0.57092 -0.707065 0.721995 -0.3708 1.50127 1.13652 5.00795 29.6734 2.73636 17.9582 3.5415 29.6734 2.73636 2.9158e-09
2.38001 0.00370459 0.00187776 0.171819 -0.28899 0.496214 -0.522668 -0.750383 0.6776 -0.420164 1.49286 1.10961 5.01529 29.6723 2.74788 17.9554 3.55626 29.6723 2.74788 2.70345e-09
2.39001 0.00373056 0.00189893 0.250396 -0.201603 0.547408 -0.468863 -0.790833 0.630636 -0.469079 1.48286 1.08266 5.02248 29.6713 2.75939 17.9526 3.57102 29.6713 2.75939 1.84235e-09
2.40001 0.00375656 0.00192022 0.299418 -0.0902145 0.592836 -0.410066 -0.82827 0.581286 -0.517498 1.47131 1.05568 5.02952 29.6702 2.7709 17.9498 3.58577 29.6702 2.7709 2.5626e-10
2.41001 0.00378261 0.00194165 0.309763 0.0330594 0.63201 -0.346894 -0.862555 0.529743 -0.565373 1.45823 1.02868 5.03642 29.6691 2.78242 17.947 3.60053 29.6691 2.78242 -1.69851e-09
2.42001 0.0038087 0.00196321 0.279322 0.152242 0.664505 -0.280014 -0.893565 0.476204 -0.612661 1.44365 1.00164 5.04317 29.6681 2.79393 17.9441 3.61528 29.6681 2.79393 -3.34658e-09
2.43001 0.00383483 0.00198492 0.214128 0.252744 0.68997 -0.210134 -0.921188 0.420876 -0.659317 1.42759 0.97457 5.04978 29.667 2.80544 17.9413 3.63003 29.667 2.80544 -4.22709e-09
2.44001 0.003861 0.00200677 0.125285 0.325542 0.708129 -0.137995 -0.945325 0.363969 -0.7053 1.41008 0.947475 5.05623 29.6659 2.81695 17.9384 3.64478 29.6659 2.81695 -4.36181e-09
2.45001 0.00388721 0.00202877 0.0246411 0.367746 0.718785 -0.0643638 -0.965888 0.305699 -0.750568 1.39115 0.920352 5.06255 29.6648 2.82846 17.9356 3.65952 29.6648 2.82846 -4.02926e-09
2.46001 0.00391345 0.00205091 -0.0779013 0.380746 0.721822 0.00997468 -0.982804 0.246287 -0.795082 1.37084 0.893203 5.06871 29.6637 2.83997 17.9327 3.67426 29.6637 2.83997 -3.49184e-09
2.47001 0.00393972 0.00207321 -0.175084 0.368092 0.717208 0.0842288 -0.996012 0.185958 -0.838804 1.34916 0.866027 5.07473 29.6626 2.85148 17.9298 3.689 29.6626 2.85148 -2.90675e-09
2.48001 0.00396602 0.00209565 -0.26196 0.334073 0.704992 0.157608 -1.00546 0.124938 -0.881697 1.32617 0.838827 5.0806 29.6615 2.86299 17.9269 3.70374 29.6615 2.86299 -2.34513e-09
2.49001 0.00399235 0.00211824 -0.335291 0.283001 0.685309 0.22933 -1.01113 0.0634571 -0.923725 1.30188 0.811603 5.08632 29.6604 2.8745 17.924 3.71848 29.6604 2.8745 -1.82937e-09
